451.173,190.079,1.5
449.547,189.236,1.5
449.568,189.375,1.5
446.925,189.453,1.5
449.733,189.871,1.5
449.326,191.133,1.5
447.15,192.137,1.5
448.914,192.309,1.5
447.865,190.771,1.5
447.591,190.731,1.5
448.325,192.823,1.5
446.459,192.416,1.5
446.324,193.404,1.5
447.02,192.351,1.5
444.874,194.496,1.5
446.341,194.081,1.5
443.964,194.781,1.5
445.297,194.063,1.5
443.472,194.551,1.5
443.943,194.442,1.5
445.234,194.266,1.5
443.543,194.952,1.5
443.124,194.471,1.5
442.634,195.388,1.5
444.224,195.294,1.5
442.713,197.064,1.5
442.687,196.73,1.5
440.736,197.983,1.5
443.097,197.811,1.5
440.548,198.362,1.5
442.941,197.545,1.5
442.202,197.142,1.5
443.161,197.977,1.5
440.371,198.889,1.5
439.95,198.848,1.5
440.255,199.644,1.5
438.687,201.141,1.5
439.179,200.012,1.5
440.672,199.41,1.5
437.613,200.948,1.5
440.731,200.636,1.5
436.601,199.773,1.5
440.508,200.508,1.5
435.378,202.207,1.5
442.334,200.944,1.5
434.97,202.478,1.5
440.671,201.675,1.5
436.594,201.667,1.5
436.843,202.858,1.5
439.317,202.7,1.5
436.141,202.678,1.5
436.97,202.459,1.5
436.215,202.424,1.5
437.115,202.734,1.5
436.885,203.026,1.5
438.135,204.022,1.5
436.06,204.716,1.5
437.329,204.046,1.5
435.983,203.429,1.5
436.682,203.24,1.5
438.444,206.276,1.5
435.47,204.488,1.5
436.451,203.493,1.5
436.14,204.268,1.5
434.831,205.329,1.5
434.47,205.678,1.5
437.717,206.147,1.5
433.336,204.93,1.5
436.233,205.362,1.5
434.734,208.359,1.5
434.669,206.548,1.5
435.759,206.399,1.5
434.042,206.262,1.5
434.716,207.494,1.5
434.624,206.728,1.5
432.129,208.492,1.5
435.502,208.985,1.5
432.958,208.921,1.5
435.494,208.844,1.5
432.751,210.58,1.5
436.173,210.651,1.5
431.221,208.267,1.5
434.894,208.489,1.5
432.961,211.734,1.5
433.629,210.913,1.5
433.709,210.142,1.5
431.662,210.329,1.5
432.065,212.177,1.5
432.139,212.028,1.5
429.946,212.924,1.5
432.281,211.475,1.5
431.132,213.799,1.5
431.31,213.347,1.5
431.175,213.86,1.5
429.852,214.172,1.5
431.054,213.668,1.5
429.397,214.853,1.5
428.825,213.202,1.5
430.518,216.989,1.5
429.851,215.616,1.5
429.779,217.645,1.5
428.818,216.098,1.5
430.115,217.64,1.5
427.262,218.784,1.5
429.427,218.63,1.5
428.927,217.385,1.5
427.967,219.164,1.5
430.359,218.248,1.5
427.231,219.788,1.5
430.058,219.743,1.5
429.86,219.147,1.5
425.67,220.336,1.5
430.981,218.486,1.5
427.275,217.761,1.5
429.738,221.296,1.5
427.852,222.301,1.5
429.211,219.168,1.5
429.619,222.568,1.5
427.403,221.984,1.5
430.769,223.057,1.5
427.324,219.067,1.5
428.884,222.333,1.5
427.197,221.87,1.5
432.995,223.183,1.5
429.378,223.657,1.5
429.517,225.165,1.5
430.442,226.105,1.5
431.239,223.878,1.5
431.504,225.112,1.5
430.547,224.22,1.5
428.545,225.892,1.5
430.933,225.851,1.5
430.263,226.558,1.5
431.523,226.986,1.5
428.736,226.642,1.5
431.563,226.841,1.5
429.698,228.213,1.5
431.414,229.274,1.5
428.097,226.311,1.5
431.193,228.975,1.5
429.673,229.958,1.5
429.489,227.729,1.5
430.534,230.902,1.5
429.749,229.582,1.5
431.709,229.077,1.5
431.612,228.71,1.5
430.028,228.679,1.5
431.359,230.839,1.5
430.59,230.032,1.5
430.91,229.005,1.5
429.28,231.671,1.5
431.383,231.286,1.5
430.499,229.922,1.5
430.659,231.332,1.5
431.607,230.956,1.5
429,230.645,1.5
431.809,232.198,1.5
432.375,231.801,1.5
431.173,232.481,1.5
430.977,234.211,1.5
430.374,234.043,1.5
431.623,233.387,1.5
433.227,232.587,1.5
428.75,233.443,1.5
433.019,233.028,1.5
430.901,234.29,1.5
430.49,231.946,1.5
431.54,233.301,1.5
432.096,232.895,1.5
431.387,233.804,1.5
429.944,235.144,1.5
433.262,234.753,1.5
429.767,235.85,1.5
431.232,236.825,1.5
430.717,235.676,1.5
430.815,237.309,1.5
431.069,237.048,1.5
431.265,237.021,1.5
429.969,238.709,1.5
431.117,237.343,1.5
432.013,237.953,1.5
429.576,238.906,1.5
432.411,238.42,1.5
432.373,239.961,1.5
430.501,239.581,1.5
433.111,241.191,1.5
431.572,241.332,1.5
431.94,241.099,1.5
430.787,241.243,1.5
433.856,242.836,1.5
429.798,242.682,1.5
432.87,241.168,1.5
430.34,241.595,1.5
432.734,242.225,1.5
430.646,244.015,1.5
433.457,244.315,1.5
431.644,243.556,1.5
432.338,244.551,1.5
433.282,242.884,1.5
432.144,245.364,1.5
433.465,243.463,1.5
432.036,247.269,1.5
431.811,243.8,1.5
434.502,245.404,1.5
434.5,248.888,1.5
433.351,248.219,1.5
432.084,249.016,1.5
432.079,248.805,1.5
433.671,249.48,1.5
434.361,249.628,1.5
433.59,249.886,1.5
434.507,250.554,1.5
433.588,250.482,1.5
433.375,249.355,1.5
433.64,251.182,1.5
432.98,251.242,1.5
434.576,253.33,1.5
433.956,251.985,1.5
433.175,252.121,1.5
434.529,254.352,1.5
433.014,254.07,1.5
434.557,254.2,1.5
436.022,254.526,1.5
433.688,255.295,1.5
436.247,256.061,1.5
435.118,256.528,1.5
434.96,255.349,1.5
435.901,257.149,1.5
434.16,257.371,1.5
436.951,258.436,1.5
433.796,257.097,1.5
436.931,256.801,1.5
433.112,257.952,1.5
436.159,256.181,1.5
435.97,259.025,1.5
436.138,258.459,1.5
435.21,260.259,1.5
435.884,259.142,1.5
435.976,259.662,1.5
435.86,260.199,1.5
436.651,260.674,1.5
435.238,261.217,1.5
437.73,261.003,1.5
436.348,261.378,1.5
436.38,259.043,1.5
438.038,259.89,1.5
436.448,261.174,1.5
437.412,262.412,1.5
437.872,261.066,1.5
436.766,262.371,1.5
440.491,260.546,1.5
435.197,261.841,1.5
440.293,263.538,1.5
437.947,261.838,1.5
438.302,263.614,1.5
437.772,263.765,1.5
440.359,264.068,1.5
440.142,264.712,1.5
438.294,262.857,1.5
442.874,261.483,1.5
440.002,264.159,1.5
442.119,265.33,1.5
440.207,264.45,1.5
442.898,263.322,1.5
440.794,264.521,1.5
441.537,265.701,1.5
442.371,265.489,1.5
441.847,266.716,1.5
443.757,265.691,1.5
441.311,264.31,1.5
444.239,265.359,1.5
442.139,265.224,1.5
444.322,265.346,1.5
444.945,265.3,1.5
445.839,268.108,1.5
443.801,266.23,1.5
445.431,268.344,1.5
444.94,266.252,1.5
443.374,266.933,1.5
448.17,267.269,1.5
445.891,266.791,1.5
446.152,266.219,1.5
446.703,266.948,1.5
446.764,267.357,1.5
446.718,268.624,1.5
448.304,268.215,1.5
447.621,269.291,1.5
447.375,269.662,1.5
449.558,269.009,1.5
448.098,268.872,1.5
448.535,270.187,1.5
449.798,267.967,1.5
449.867,268.437,1.5
450.947,268.369,1.5
449.678,270.689,1.5
450.588,269.649,1.5
451.451,269.653,1.5
451.156,269.004,1.5
450.28,270.026,1.5
452.334,267.318,1.5
450.73,268.096,1.5
454.722,273.626,1.5
452.394,271.765,1.5
453.262,270.085,1.5
452.764,270.234,1.5
454.121,270.965,1.5
453.582,269.927,1.5
453.577,271.132,1.5
453.87,270.126,1.5
455.191,273.352,1.5
454.518,272.969,1.5
452.162,271.741,1.5
453.97,272.285,1.5
452.751,273.039,1.5
453.603,273.484,1.5
454.272,271.616,1.5
455.382,271.683,1.5
453.245,273.805,1.5
454.803,272.801,1.5
454.532,273.495,1.5
454.274,276.691,1.5
454.378,274.258,1.5
454.149,274.805,1.5
453.82,276.3,1.5
452.858,274.316,1.5
453.141,275.815,1.5
454.431,273.804,1.5
453.264,275.768,1.5
452.544,274.478,1.5
453.815,276.154,1.5
453.675,278.125,1.5
454.404,275.264,1.5
453.794,276.409,1.5
452.045,277.089,1.5
453.842,276.041,1.5
452.78,276.368,1.5
453.295,277.13,1.5
453.85,277.493,1.5
453.641,278.635,1.5
452.904,277.798,1.5
455.719,278.145,1.5
451.89,278.092,1.5
453.236,279.598,1.5
452.853,278.456,1.5
451.972,279.223,1.5
455.879,279.592,1.5
451.876,281.272,1.5
454.276,279.556,1.5
452.249,281.45,1.5
452.361,280.048,1.5
452.881,279.795,1.5
452.344,282.752,1.5
452.931,283.416,1.5
450.95,281.652,1.5
451.825,281.023,1.5
450.301,279.882,1.5
450.585,280.614,1.5
450.875,280.569,1.5
449.302,281.074,1.5
451.689,280.926,1.5
448.644,279.81,1.5
451.652,280.808,1.5
448.257,280.535,1.5
447.153,282.448,1.5
448.414,280.206,1.5
448.424,279.788,1.5
447.258,279.354,1.5
448.203,279.404,1.5
445.242,279.607,1.5
446.248,280.627,1.5
447.787,279.866,1.5
445.24,280.601,1.5
444.803,282.744,1.5
444.278,281.009,1.5
444.676,280.862,1.5
444.044,282.586,1.5
443.819,280.158,1.5
442.387,281.621,1.5
444.522,281.769,1.5
442.197,281.188,1.5
443.592,283.46,1.5
439.863,280.602,1.5
443.519,281.071,1.5
441.083,281.666,1.5
441.712,279.942,1.5
438.585,279.677,1.5
439.072,281.564,1.5
438.239,280.398,1.5
439.946,282.034,1.5
438.571,279.807,1.5
438.793,282.352,1.5
438.505,281.796,1.5
437.148,279.762,1.5
438.334,280.348,1.5
437.971,282.883,1.5
437.57,280.13,1.5
436.386,281.757,1.5
435.66,281.436,1.5
436.945,280.845,1.5
438.785,281.374,1.5
435.477,283.435,1.5
437.117,284.184,1.5
434.305,283.122,1.5
436.755,284.279,1.5
437.33,285.545,1.5
435.372,284.432,1.5
435.374,285.29,1.5
436.559,288.069,1.5
435.703,285.781,1.5
436.368,287.534,1.5
434.586,286.23,1.5
435.163,288.991,1.5
434.663,286.391,1.5
435.327,288.075,1.5
433.18,288.897,1.5
435.243,288.823,1.5
433.255,289.726,1.5
437.478,288.374,1.5
433.026,288.166,1.5
433.33,291.59,1.5
434.449,290.257,1.5
435.335,292.299,1.5
433.919,290.57,1.5
433.305,292.52,1.5
434.632,292.246,1.5
433.855,292.882,1.5
434.92,291.781,1.5
433.72,294.11,1.5
435.714,292.843,1.5
435.794,294.001,1.5
434.428,292.8,1.5
436.466,293.506,1.5
434.219,295.246,1.5
435.691,292.754,1.5
434.137,292.876,1.5
435.768,293.785,1.5
432.633,294.465,1.5
436.86,293.987,1.5
433.547,293.459,1.5
436.08,293.506,1.5
434.358,292.932,1.5
435.328,295.575,1.5
436.238,297.211,1.5
434.491,295.519,1.5
436.365,295.947,1.5
435.232,295.238,1.5
434.13,295.092,1.5
435.301,297.259,1.5
435.958,295.583,1.5
433.556,298.013,1.5
435.847,296.31,1.5
433.898,299.235,1.5
436.074,299.895,1.5
433.785,300.316,1.5
435.811,300.562,1.5
434.046,300.156,1.5
434.586,299.244,1.5
434.396,302.324,1.5
433.26,300.313,1.5
434.408,302.916,1.5
434.032,301.601,1.5
433.932,300.482,1.5
433.945,302.421,1.5
432.462,302.315,1.5
434.826,306.622,1.5
433.1,302.381,1.5
433.049,303.518,1.5
432.941,303.665,1.5
434.048,306.08,1.5
434.333,306.422,1.5
433.098,306.612,1.5
431.246,306.278,1.5
431.009,306.964,1.5
434.016,305.357,1.5
430.992,307.273,1.5
433.492,306.128,1.5
432.856,307.895,1.5
432.02,308.216,1.5
432.094,308.767,1.5
432.121,308.045,1.5
431.284,307.293,1.5
431.821,309.032,1.5
430.34,310.845,1.5
431.816,309.957,1.5
431.291,311.721,1.5
432.448,311.156,1.5
430.912,308.973,1.5
430.784,311.032,1.5
432.244,312.32,1.5
431.397,311.663,1.5
431.334,312.517,1.5
429.853,312.578,1.5
431.131,315.618,1.5
428.435,313.561,1.5
432.837,314.263,1.5
429.968,313.383,1.5
430.755,313.383,1.5
431.009,315.046,1.5
428.647,314.192,1.5
429.715,317.561,1.5
430.286,315.638,1.5
430.14,317.174,1.5
430.21,318.042,1.5
430.277,316.877,1.5
429.002,318.488,1.5
429.868,318.666,1.5
429.545,318.238,1.5
428.827,318.942,1.5
430.595,319.637,1.5
427.017,320.928,1.5
429.617,319.833,1.5
427.705,319.771,1.5
427.389,321.278,1.5
429.016,321.876,1.5
428.347,322.46,1.5
428.137,320.978,1.5
428.809,321.256,1.5
429.736,321.658,1.5
426.632,322.976,1.5
428.807,320.797,1.5
428.302,322.849,1.5
427.645,324.207,1.5
428.681,323.593,1.5
427.35,325.037,1.5
427.654,324.943,1.5
426.048,324.683,1.5
427.867,326.264,1.5
425.256,325.693,1.5
428.042,325.423,1.5
425.902,325.16,1.5
426.029,327.287,1.5
425.058,328.508,1.5
427.505,327.576,1.5
422.585,327.49,1.5
426.681,327.303,1.5
425.181,328.461,1.5
424.143,328.239,1.5
424.908,327.261,1.5
425.91,328.917,1.5
422.885,329.801,1.5
424.97,330.052,1.5
424.569,331.834,1.5
424.059,330.706,1.5
423.585,331.194,1.5
424.436,331.318,1.5
421.829,331.566,1.5
425.724,332.172,1.5
422.98,334.022,1.5
423.287,334.327,1.5
421.968,333.413,1.5
423.664,332.48,1.5
421.805,335.227,1.5
424.696,332.961,1.5
421.696,334.689,1.5
426.52,336.143,1.5
421.053,333.976,1.5
424.695,337.452,1.5
421.291,335.459,1.5
422.964,337.052,1.5
420.031,338.723,1.5
423.836,337.031,1.5
421.486,338.6,1.5
422.373,337.453,1.5
420.77,337.638,1.5
422.004,339.12,1.5
422.343,339.629,1.5
420.235,338.277,1.5
421.511,339.737,1.5
419.678,341.191,1.5
421.44,341.076,1.5
419.131,340.769,1.5
421.915,341.802,1.5
418.056,343.152,1.5
421.182,344.292,1.5
418.038,344.106,1.5
420.726,342.431,1.5
419.366,342.82,1.5
418.107,342.572,1.5
419.661,343.158,1.5
417.609,343.685,1.5
418.957,344.418,1.5
417.646,346.588,1.5
416.052,344.623,1.5
419.096,346.251,1.5
416.849,347.057,1.5
417.18,344.734,1.5
416.874,348.974,1.5
416.913,346.86,1.5
415.28,347.502,1.5
417.646,348.349,1.5
416.02,347.205,1.5
414.474,347.093,1.5
416.081,349.626,1.5
416.353,349.305,1.5
415.442,347.994,1.5
415.127,350.68,1.5
417.831,347.884,1.5
413.174,349.102,1.5
415.563,351.955,1.5
413.649,350.169,1.5
415.752,351.568,1.5
413.317,353.477,1.5
415.529,353.731,1.5
414.312,353.343,1.5
413.957,351.674,1.5
412.606,354.117,1.5
414.841,352.603,1.5
411.551,352.989,1.5
415.202,354.318,1.5
412.341,353.35,1.5
412.7,352.616,1.5
412.108,355.371,1.5
413.364,357.139,1.5
412.085,355.761,1.5
412.711,357.66,1.5
410.435,354.57,1.5
413.679,357.483,1.5
410.614,357.097,1.5
412.524,356.523,1.5
410.937,356.946,1.5
409.57,358.811,1.5
411.993,356.828,1.5
408.44,358.68,1.5
411.062,358.886,1.5
409.715,358.935,1.5
409.384,361.374,1.5
409.933,358.511,1.5
410.724,359.004,1.5
410.907,360.838,1.5
408.724,359.962,1.5
411.114,361.623,1.5
411.526,362.878,1.5
409.916,361.703,1.5
410.386,362.479,1.5
408.856,363.853,1.5
411.333,364.098,1.5
407.933,363.685,1.5
410.267,365.174,1.5
406.862,364.816,1.5
409.681,364.497,1.5
406.728,363.785,1.5
409.169,365.73,1.5
407.206,364.962,1.5
409.28,365.463,1.5
407.49,368.062,1.5
408.578,367.606,1.5
409.261,367.187,1.5
408.388,367.497,1.5
406.91,368.919,1.5
408.85,366.439,1.5
408.073,367.963,1.5
405.61,367.222,1.5
410.868,367.614,1.5
405.127,367.201,1.5
408.872,369.142,1.5
406.004,368.33,1.5
406.068,367.417,1.5
407.077,368.283,1.5
406.681,367.868,1.5
406.284,370.964,1.5
407.408,367.994,1.5
404.698,367.24,1.5
406.178,370.479,1.5
403.514,369.193,1.5
404.099,369.667,1.5
405.576,370.52,1.5
403.559,370.703,1.5
403.68,371.314,1.5
404.853,370.845,1.5
402.726,372.139,1.5
404.383,372.93,1.5
403.13,371.758,1.5
404.076,372.98,1.5
402.333,372.174,1.5
403.365,373.897,1.5
402.191,374.194,1.5
401.538,375.758,1.5
399.581,373.694,1.5
402.166,375.008,1.5
400.257,374.99,1.5
401.985,373.398,1.5
399.928,375.211,1.5
400.402,374.075,1.5
399.97,375.794,1.5
400.117,377.534,1.5
399.465,375.893,1.5
399.604,375.748,1.5
400.217,376.911,1.5
398.059,377.482,1.5
400.188,377.371,1.5
398.18,378.666,1.5
398.75,378.574,1.5
398.028,377.512,1.5
398.205,377.879,1.5
397.61,380.595,1.5
398.15,377.98,1.5
398.546,379.651,1.5
396.961,378.692,1.5
397.255,378.937,1.5
398.158,379.2,1.5
393.899,380.151,1.5
399.205,380.097,1.5
393.871,380.993,1.5
397.36,379.455,1.5
395.418,381.951,1.5
395.567,379.491,1.5
395.441,382.86,1.5
395.325,381.472,1.5
393.603,382.586,1.5
395.461,383.281,1.5
394.412,385.534,1.5
393.609,385.15,1.5
395.4,384.943,1.5
393.378,383.295,1.5
394.422,383.708,1.5
393.961,385.208,1.5
394.473,385.356,1.5
391.794,385.428,1.5
394.08,385.737,1.5
391.675,384.807,1.5
391.582,385.613,1.5
392.851,386.101,1.5
392.005,386.175,1.5
391.155,386.525,1.5
391.438,386.347,1.5
392.137,385.605,1.5
390.969,387.809,1.5
391.768,385.706,1.5
389.082,386.537,1.5
390.101,386.031,1.5
390.89,387.649,1.5
390.833,386.781,1.5
391.342,387.569,1.5
388.613,387.53,1.5
388.705,388.229,1.5
389.21,388.126,1.5
389.352,388.268,1.5
388.177,389.852,1.5
388.973,389.974,1.5
387.094,389.089,1.5
387.888,388.166,1.5
389.024,389.029,1.5
385.644,389.007,1.5
389.741,389.266,1.5
385.924,390.05,1.5
387.988,390.782,1.5
385.47,390.727,1.5
387.209,391.399,1.5
385.737,391.092,1.5
386.314,390.265,1.5
385.087,391.454,1.5
385.223,391.683,1.5
385.223,391.53,1.5
383.238,393.036,1.5
384.224,393.32,1.5
386.324,393.962,1.5
382.387,395.031,1.5
386.07,393.462,1.5
383.161,393.97,1.5
384.725,393.585,1.5
383.271,395.413,1.5
384.038,397.006,1.5
382.103,395.365,1.5
385.046,396.218,1.5
380.969,395.89,1.5
385.839,397.35,1.5
379.042,395.621,1.5
383.333,396.523,1.5
381.152,396.647,1.5
382.106,398.212,1.5
381.704,398.036,1.5
382.849,398.641,1.5
380.847,399.5,1.5
380.524,398.778,1.5
381.277,398.904,1.5
380.496,400.921,1.5
381.449,397.863,1.5
379.758,399.818,1.5
380.211,399.667,1.5
377.155,401.577,1.5
380.59,401.447,1.5
378.442,401.677,1.5
379.561,401.492,1.5
378.153,402.586,1.5
378.686,401.151,1.5
378.301,403.333,1.5
378.509,402.25,1.5
376.516,399.61,1.5
377.797,401.177,1.5
379.898,404.203,1.5
375.78,401.357,1.5
378.893,403.697,1.5
379.212,405.207,1.5
377.835,403.353,1.5
379.041,402.968,1.5
376.813,403.265,1.5
380.106,402.409,1.5
375.176,404.168,1.5
379.993,406.106,1.5
376.92,407.791,1.5
378.738,403.532,1.5
376.486,405.835,1.5
376.412,406.454,1.5
377.472,406.289,1.5
376.447,406.589,1.5
377.019,406.178,1.5
373.623,407.779,1.5
377.262,408.71,1.5
374.824,407.154,1.5
375.693,407.489,1.5
375.957,408.5,1.5
372.622,407.18,1.5
374.953,409.161,1.5
374.638,410.83,1.5
372.468,409.186,1.5
374.042,409.917,1.5
373.215,408.816,1.5
372.051,408.823,1.5
374.14,410.351,1.5
370.117,410.168,1.5
373.95,410.217,1.5
371.448,411.12,1.5
369.894,412.472,1.5
373.085,411.006,1.5
370.442,411.997,1.5
370.587,412.446,1.5
370.434,412.289,1.5
369.567,410.856,1.5
369.734,413.354,1.5
369.205,414.357,1.5
369.946,414.271,1.5
368.031,415.231,1.5
368.661,414.229,1.5
368.322,415.122,1.5
370.399,416.49,1.5
368.288,415.978,1.5
368.331,415.964,1.5
366.693,413.96,1.5
367.912,417.078,1.5
367.026,416.824,1.5
369.807,416.661,1.5
366.428,417.31,1.5
368.014,414.933,1.5
366.2,418.45,1.5
367.066,417.325,1.5
365.974,418.596,1.5
365.67,418.154,1.5
365.798,418.368,1.5
365.203,420.611,1.5
365.964,421.355,1.5
365.764,418.589,1.5
366.8,419.097,1.5
364.48,422.711,1.5
364.305,421.844,1.5
365.885,419.107,1.5
363.505,420.477,1.5
364.636,422.708,1.5
363.718,420.416,1.5
364.449,421.698,1.5
362.613,420.422,1.5
365.537,421.223,1.5
362.868,420.821,1.5
363.323,422.012,1.5
362.884,422.22,1.5
363.554,422.248,1.5
362.927,423.604,1.5
361.902,423.124,1.5
361.957,422.195,1.5
363.812,423.426,1.5
361.441,424.141,1.5
360.566,423.608,1.5
361.823,422.69,1.5
361.6,424.987,1.5
360.369,423.944,1.5
360.904,426.87,1.5
358.664,424.71,1.5
362.742,425.421,1.5
357.366,424.902,1.5
361.283,423.875,1.5
358.335,425.382,1.5
357.605,426.12,1.5
360.716,426.261,1.5
359.121,425.945,1.5
357.22,425.025,1.5
359.568,425.146,1.5
357.362,429.149,1.5
358.145,426.805,1.5
357.395,427.246,1.5
356.901,427.481,1.5
357.199,426.883,1.5
356.354,429.038,1.5
357.422,430.175,1.5
357.936,428.071,1.5
355.327,426.97,1.5
356.465,428.684,1.5
357.499,429.363,1.5
355.796,429.595,1.5
356.042,428.15,1.5
355.178,431.329,1.5
357.302,430.741,1.5
354.427,430.173,1.5
355.74,431.621,1.5
354.065,430.637,1.5
354.783,431.66,1.5
355.02,430.873,1.5
353.089,432.834,1.5
356.442,432.29,1.5
353.61,433.827,1.5
354.555,433.99,1.5
353.669,434.119,1.5
355.443,436.491,1.5
353.645,432.916,1.5
354.265,436.092,1.5
351.919,435.191,1.5
352.393,435.297,1.5
352.598,436.613,1.5
351.799,437.455,1.5
352.059,437.565,1.5
351.729,437.8,1.5
351.287,437.908,1.5
351.461,437.713,1.5
352.77,437.835,1.5
351.412,439.619,1.5
351.407,439.023,1.5
351.869,438.392,1.5
350.927,438.401,1.5
352.294,439.659,1.5
349.923,440.272,1.5
352.519,440.744,1.5
353.258,442.449,1.5
352.9,441.343,1.5
353.739,439.424,1.5
351.729,442.941,1.5
352.07,441.116,1.5
352.089,438.9,1.5
352.074,441.733,1.5
353.411,439.505,1.5
351.386,442.316,1.5
351.47,442.332,1.5
350.696,441.068,1.5
351.425,442.83,1.5
350.275,440.807,1.5
349.507,439.633,1.5
350.48,440.275,1.5
348.199,443.811,1.5
350.763,443.456,1.5
348.251,442.3,1.5
349.66,445.18,1.5
349.474,443.509,1.5
349.796,444.317,1.5
348.361,443.574,1.5
349.229,441.787,1.5
348.403,442.564,1.5
348.068,443.566,1.5
346.19,443.176,1.5
347.039,442.267,1.5
347.499,444.075,1.5
345.824,445.078,1.5
346.893,443.471,1.5
345.871,444.307,1.5
347.527,442.884,1.5
345.528,443.467,1.5
345.555,441.607,1.5
346.028,444.244,1.5
343.481,444.49,1.5
344.746,444.591,1.5
343.087,442.742,1.5
345.577,444.595,1.5
342.349,444.824,1.5
342.824,442.938,1.5
343.758,442.698,1.5
342.588,443.67,1.5
341.279,444.488,1.5
340.919,444.321,1.5
339.69,444.132,1.5
341.225,443.718,1.5
338.14,443.411,1.5
341.903,443.012,1.5
337.045,442.31,1.5
340.02,443.626,1.5
337.867,441.156,1.5
339.116,443.615,1.5
338.476,444.409,1.5
338.743,442.457,1.5
335.514,443.906,1.5
338.48,443.379,1.5
334.304,441.304,1.5
337.712,444.024,1.5
333.063,442.972,1.5
336.08,442.729,1.5
335.231,442.617,1.5
334.153,442.236,1.5
333.727,443.011,1.5
334.961,443.355,1.5
334.166,441.409,1.5
333.47,443.286,1.5
331.877,443.505,1.5
334.227,443.833,1.5
331.199,443.708,1.5
